$ 1 0.000005 85.40587625261516 50 5 50
R 656 160 656 128 0 0 40 3.3 0 0 0.5
r 656 160 656 224 0 3300000
r 656 304 656 368 0 800000
s 656 224 656 304 0 1 false
w 656 160 720 160 0
w 720 160 720 208 0
r 768 256 768 320 0 82000
c 768 320 768 368 0 0.00001 1.2732755481746738
r 720 256 720 368 0 56000
w 768 256 720 256 0
w 720 240 720 256 0
g 656 368 656 400 0
w 656 368 720 368 0
w 720 368 768 368 0
w 768 320 816 320 0
f 816 320 864 320 48 1.5 0.02
w 768 368 864 368 0
w 864 368 864 336 0
r 864 304 864 240 0 68
162 864 160 864 240 2 default-led 1 0 0 0.01
w 864 160 720 160 0
f 656 224 720 224 49 1.5 0.02
o 7 512 0 4098 5 0.1 0 2 7 3
o 19 512 0 4097 5 0.025 0 2 19 3
