$ 1 0.000005 75.37042125545614 50 5 50
s 32 -128 32 -64 0 1 false
r 32 -128 32 -192 0 819999.9999999999
r 32 0 32 -64 0 1000000
w 96 -64 32 -64 0
r 160 -96 160 -192 0 1000000
r 160 -64 160 0 0 470000
w 160 -96 176 -96 0
w 160 -64 160 -96 0
368 96 -64 96 -112 0 0
w 160 -192 32 -192 0
w 32 112 32 0 0
w 336 -80 288 -80 0
w 288 32 336 32 0
r 336 -80 336 32 0 330000
r 288 -32 288 32 0 100000
d 288 -80 288 -32 2 default
c 336 32 336 112 0 0.00001 1.5370691661397347
w 336 112 432 112 0
r 432 112 496 112 0 68
162 496 16 496 112 2 default-led 1 0 0 0.01
w 400 32 336 32 0
w 496 -48 496 16 0
w 400 -48 496 -48 0
w 400 -48 400 0 0
a 400 16 496 16 8 3.3 0 1000000 1.5370537956017787 1.5370691661397347 100000
w 176 -64 96 -64 0
w 32 -192 -96 -192 0
w 32 112 -96 112 0
w 160 0 160 112 0
w 224 112 160 112 0
w 160 112 32 112 0
g -96 112 -96 144 0
R -96 -192 -96 -240 0 0 40 3.3 0 0 0.5
w 224 112 336 112 0
a 176 -80 288 -80 8 3.3 0 1000000 1.0551020408163263 0 100000
x -28 -127 14 -124 4 24 skin
o 19 1024 7 4097 5 0.025 0 1 0.0390625
